           year       paper_id author_id
            min   max  nunique   nunique
venue                                   
AAAI       1980  2020    12854     21652
CHI        1982  2020     8228     14458
CIDR       2003  2020      476      1173
DASFAA     1989  2020     1939      4221
DKE        1985  2020     1719      3438
EDBT       1988  2020     1552      3307
EuroSys    2006  2020      481      1709
FAST       2002  2020      421      1239
FOCS       1960  2020     3545      3103
ICDE       1984  2020     4743      8045
IJCAI      1969  2020    10558     16929
IMWUT      2017  2020      709      2490
NSDI       2004  2020      621      1922
OSDI       1994  2020      462      1609
PODS       1982  2020     1247      1274
Pervasive  2002  2012      233       726
SIGCOMM    1977  2020     1586      3572
SIGMOD     1975  2020     4065      6958
SODA       1990  2020     3772      3843
SOSP       1967  2019      637      1635
STOC       1969  2020     3510      2892
UIST       1988  2020     1467      3032
USENIX     1996  2020      986      2810
UbiComp    1999  2020     1484      3891
VLDB       1975  2020     5198      8620
VLDBJ      1992  2020      907      1996